64,35
10,21
10,191
10,237
10,223
10,197
10,255
10,103
10,107
11,19
11,21
11,11
11,5
11,15
11,25
9,5
9,1
9,7
9,2
9,3
8,4
8,11
8,14
8,10
8,12
8,7
60,5
60,4
60,3
60,2
60,1
60,0
59,4
59,3
59,2
59,1
59,0
58,5
58,4
58,3
58,2
58,1
58,0
57,4
57,3
57,2
57,1
57,0
56,3
56,2
56,1
56,0
55,4
55,3
55,2
55,1
55,0
51,3
51,2
51,1
51,0
20,3
20,2
20,1
19,3
19,2
19,1
18,3
18,1
14,3
14,1
13,3
13,1
12,3
12,2
12,1
11,26
11,24
11,22
11,20
11,18
11,16
11,14
11,12
11,10
11,8
11,6
11,4
11,3
11,2
11,1
10,306
10,290
10,276
10,262
10,230
10,204
10,168
10,166
10,156
10,140
10,130
